-- Camera Animation Data (CFrame)
-- Converted from VMD (MikuMikuDance) camera file
-- Total Keyframes: 2601
-- FPS: 30
-- Duration: 178.633 seconds

local CameraAnimationData = {
    fps = 30,
    duration = 178.633333,
    keyframes = {
        {
            time = 0.000000,
            cframe = CFrame.new(-0.207242, -7.941223, -24.943999,
                1.000000, 0.000552, -0.000220,
                -0.000595, 0.929000, -0.370080,
                0.000000, 0.370081, 0.929000),
        },
        {
            time = 4.000000,
            cframe = CFrame.new(-0.219097, -2.421848, -23.145353,
                1.000000, 0.000044, -0.000006,
                -0.000045, 0.989693, -0.143202,
                0.000000, 0.143202, 0.989693),
        },
        {
            time = 4.033333,
            cframe = CFrame.new(0.120974, -0.000039, -3.178961,
                1.000000, 0.000039, 0.000000,
                -0.000039, 1.000000, 0.000061,
                0.000000, -0.000061, 1.000000),
        },
        {
            time = 7.666667,
            cframe = CFrame.new(0.223342, -0.000001, -3.168748,
                1.000000, 0.000268, 0.000000,
                -0.000268, 1.000000, 0.000003,
                0.000000, -0.000003, 1.000000),
        },
        {
            time = 7.700000,
            cframe = CFrame.new(0.210976, 0.021167, -11.538633,
                1.000000, 0.000241, 0.000000,
                -0.000241, 1.000000, 0.000006,
                0.000000, -0.000006, 1.000000),
        },
        {
            time = 10.866667,
            cframe = CFrame.new(0.193507, 0.012402, -6.387349,
                0.999837, 0.018068, -0.000052,
                -0.018068, 0.999833, -0.002859,
                0.000000, 0.002859, 0.999996),
        },
        {
            time = 10.900000,
            cframe = CFrame.new(-0.032087, -0.868308, -22.825716,
                0.999999, -0.001676, 0.000005,
                0.001676, 0.999995, -0.002832,
                0.000000, 0.002832, 0.999996),
        },
        {
            time = 12.366667,
            cframe = CFrame.new(-0.000398, -0.810905, -26.752722,
                1.000000, -0.000017, -0.000000,
                0.000017, 1.000000, 0.000135,
                0.000000, -0.000135, 1.000000),
        },
        {
            time = 12.400000,
            cframe = CFrame.new(0.001579, -0.812676, -12.739319,
                1.000000, 0.000160, 0.000000,
                -0.000160, 1.000000, 0.000134,
                0.000000, -0.000134, 1.000000),
        },
        {
            time = 14.366667,
            cframe = CFrame.new(0.290424, -0.812992, -12.101106,
                0.998536, 0.054086, 0.000004,
                -0.054086, 0.998536, 0.000065,
                0.000000, -0.000065, 1.000000),
        },
        {
            time = 13.200000,
            cframe = CFrame.new(-0.146180, -0.915709, -15.562883,
                0.998751, -0.049966, 0.000436,
                0.049967, 0.998713, -0.008706,
                0.000000, 0.008717, 0.999962),
        },
        {
            time = 14.400000,
            cframe = CFrame.new(0.552068, -0.812636, -5.655569,
                0.994899, 0.100878, 0.000080,
                -0.100878, 0.994899, 0.000790,
                0.000000, -0.000794, 1.000000),
        },
        {
            time = 16.333333,
            cframe = CFrame.new(-0.484241, -0.816708, -8.158973,
                0.999992, 0.004030, -0.000002,
                -0.004030, 0.999992, -0.000595,
                0.000000, 0.000595, 1.000000),
        },
        {
            time = 15.366667,
            cframe = CFrame.new(0.853893, -0.815778, -6.685863,
                0.997967, 0.063737, -0.000033,
                -0.063737, 0.997967, -0.000512,
                0.000000, 0.000513, 1.000000),
        },
        {
            time = 16.366667,
            cframe = CFrame.new(-0.543329, -0.626802, -16.973199,
                1.000000, 0.000481, -0.000000,
                -0.000481, 1.000000, -0.000779,
                0.000000, 0.000779, 1.000000),
        },
        {
            time = 18.533333,
            cframe = CFrame.new(-0.010693, -0.627992, -31.538686,
                1.000000, 0.000206, -0.000000,
                -0.000206, 1.000000, -0.000020,
                0.000000, 0.000020, 1.000000),
        },
        {
            time = 19.033333,
            cframe = CFrame.new(0.021406, -0.108567, -32.362762,
                1.000000, 0.000194, -0.000000,
                -0.000194, 0.999998, -0.001976,
                0.000000, 0.001976, 0.999998),
        },
        {
            time = 19.066667,
            cframe = CFrame.new(-0.087227, -0.010153, -9.504846,
                1.000000, 0.000130, -0.000000,
                -0.000130, 0.999999, -0.001708,
                0.000000, 0.001708, 0.999999),
        },
        {
            time = 23.366667,
            cframe = CFrame.new(-0.028502, -0.006496, -15.917914,
                0.999988, 0.004849, -0.000002,
                -0.004849, 0.999988, -0.000485,
                0.000000, 0.000485, 1.000000),
        },
        {
            time = 20.133333,
            cframe = CFrame.new(0.046705, -0.001363, -11.185088,
                0.999997, -0.002239, 0.000000,
                0.002239, 0.999997, -0.000203,
                0.000000, 0.000203, 1.000000),
        },
        {
            time = 56.300000,
            cframe = CFrame.new(-3.660728, 1.465823, -6.620486,
                0.880565, -0.003385, -0.473913,
                0.120191, 0.968878, 0.216402,
                0.458432, -0.247516, 0.853567),
        },
        {
            time = 22.100000,
            cframe = CFrame.new(0.145955, 0.011366, -14.982217,
                0.996047, 0.088822, 0.000147,
                -0.088822, 0.996046, 0.001652,
                0.000000, -0.001659, 0.999999),
        },
        {
            time = 67.400000,
            cframe = CFrame.new(0.066703, 0.382300, -9.998819,
                0.974821, 0.187664, 0.120437,
                -0.190848, 0.981499, 0.015367,
                -0.115325, -0.037966, 0.992602),
        },
        {
            time = 23.400000,
            cframe = CFrame.new(-0.314302, -0.008623, -18.009384,
                0.999999, 0.001034, -0.000001,
                -0.001034, 0.999999, -0.000567,
                0.000000, 0.000567, 1.000000),
        },
        {
            time = 24.933333,
            cframe = CFrame.new(-0.135943, 0.334428, -11.995396,
                0.999999, 0.001483, 0.000001,
                -0.001483, 0.999999, 0.000494,
                0.000000, -0.000494, 1.000000),
        },
        {
            time = 24.966667,
            cframe = CFrame.new(-0.113402, 0.005644, -18.001654,
                0.999999, 0.001225, 0.000000,
                -0.001225, 0.999999, 0.000372,
                0.000000, -0.000372, 1.000000),
        },
        {
            time = 26.966667,
            cframe = CFrame.new(-0.124897, 0.028562, -29.619456,
                0.999999, 0.001067, 0.000001,
                -0.001067, 0.999999, 0.001068,
                0.000000, -0.001068, 0.999999),
        },
        {
            time = 27.000000,
            cframe = CFrame.new(-0.112921, -1.744311, -16.630568,
                0.999999, 0.001306, -0.000156,
                -0.001315, 0.992918, -0.118796,
                0.000000, 0.118796, 0.992919),
        },
        {
            time = 28.900000,
            cframe = CFrame.new(-0.119890, -1.227163, -19.047915,
                1.000000, 0.000746, -0.000060,
                -0.000749, 0.996741, -0.080666,
                0.000000, 0.080666, 0.996741),
        },
        {
            time = 28.200000,
            cframe = CFrame.new(-0.148005, -1.636683, -20.310603,
                1.000000, -0.000890, 0.000083,
                0.000894, 0.995695, -0.092685,
                0.000000, 0.092685, 0.995695),
        },
        {
            time = 28.933333,
            cframe = CFrame.new(-2.749162, -0.001395, -5.191802,
                0.572914, 0.819615, -0.000082,
                -0.819615, 0.572914, -0.000057,
                0.000000, 0.000100, 1.000000),
        },
        {
            time = 30.500000,
            cframe = CFrame.new(0.241242, 0.000375, -8.657111,
                0.999159, 0.040993, 0.000003,
                -0.040993, 0.999159, 0.000074,
                0.000000, -0.000074, 1.000000),
        },
        {
            time = 67.433333,
            cframe = CFrame.new(-0.190989, -0.045512, -19.525678,
                0.825020, 0.565075, -0.005631,
                -0.565103, 0.824979, -0.008221,
                0.000000, 0.009964, 0.999950),
        },
        {
            time = 30.533333,
            cframe = CFrame.new(-0.572022, 2.079007, -18.325866,
                0.150235, 0.988650, -0.000009,
                -0.988650, 0.150235, -0.000001,
                0.000000, 0.000009, 1.000000),
        },
        {
            time = 32.266667,
            cframe = CFrame.new(-2.906979, -1.657827, -16.599649,
                0.962847, -0.219477, -0.157341,
                0.192323, 0.966317, -0.171005,
                0.189573, 0.134391, 0.972626),
        },
        {
            time = 32.300000,
            cframe = CFrame.new(-0.541875, 0.017148, -4.098854,
                0.975460, -0.029273, -0.218223,
                0.029948, 0.999551, -0.000215,
                0.218132, -0.006325, 0.975899),
        },
        {
            time = 33.400000,
            cframe = CFrame.new(-0.677359, 0.017414, -4.820057,
                0.975437, -0.030040, -0.218223,
                0.030731, 0.999528, -0.000228,
                0.218127, -0.006483, 0.975899),
        },
        {
            time = 77.866667,
            cframe = CFrame.new(-0.291733, -0.000430, -6.764571,
                0.999999, 0.001349, -0.000000,
                -0.001349, 0.999999, -0.000130,
                0.000000, 0.000130, 1.000000),
        },
        {
            time = 33.433333,
            cframe = CFrame.new(-0.474964, -0.000701, -6.973260,
                0.999812, 0.019403, -0.000004,
                -0.019403, 0.999812, -0.000225,
                0.000000, 0.000225, 1.000000),
        },
        {
            time = 37.933333,
            cframe = CFrame.new(-1.140243, 0.417495, -7.125298,
                0.994157, 0.107934, 0.001195,
                -0.107941, 0.994096, 0.011006,
                0.000000, -0.011071, 0.999939),
        },
        {
            time = 35.633333,
            cframe = CFrame.new(-0.322654, 0.224576, -13.914454,
                0.968268, -0.249840, -0.006023,
                0.249913, 0.967987, 0.023337,
                0.000000, -0.024101, 0.999710),
        },
        {
            time = 77.900000,
            cframe = CFrame.new(-12.384895, 6.777171, -6.742756,
                0.681462, 0.731854, -0.000054,
                -0.731854, 0.681462, -0.000050,
                0.000000, 0.000074, 1.000000),
        },
        {
            time = 37.966667,
            cframe = CFrame.new(-0.878673, 0.009520, -21.063519,
                1.000000, 0.000074, 0.000000,
                -0.000074, 1.000000, 0.000534,
                0.000000, -0.000534, 1.000000),
        },
        {
            time = 39.333333,
            cframe = CFrame.new(-0.899265, 0.008899, -28.589975,
                1.000000, -0.000760, -0.000000,
                0.000760, 1.000000, 0.000351,
                0.000000, -0.000351, 1.000000),
        },
        {
            time = 39.366667,
            cframe = CFrame.new(0.239428, -1.145404, -7.309542,
                0.966390, 0.065478, 0.248603,
                0.000511, 0.966529, -0.256558,
                -0.257080, 0.248062, 0.934010),
        },
        {
            time = 40.900000,
            cframe = CFrame.new(-1.093288, 0.014609, -3.043354,
                0.999965, -0.000434, 0.008302,
                -0.000140, 0.997614, 0.069032,
                -0.008313, -0.069030, 0.997580),
        },
        {
            time = 40.933333,
            cframe = CFrame.new(-1.030496, -0.001866, -28.114133,
                1.000000, 0.000143, -0.000000,
                -0.000143, 1.000000, -0.000076,
                0.000000, 0.000076, 1.000000),
        },
        {
            time = 43.066667,
            cframe = CFrame.new(-3.736330, 0.023367, -18.779494,
                0.909359, 0.416011, 0.000448,
                -0.416012, 0.909359, 0.000980,
                0.000000, -0.001078, 0.999999),
        },
        {
            time = 41.600000,
            cframe = CFrame.new(-1.375714, -0.060284, -31.461941,
                0.994968, 0.100192, -0.000206,
                -0.100193, 0.994966, -0.002045,
                0.000000, 0.002056, 0.999998),
        },
        {
            time = 43.100000,
            cframe = CFrame.new(-2.820661, -0.587151, -8.710184,
                1.000000, -0.000785, 0.000078,
                0.000789, 0.995093, -0.098937,
                0.000000, 0.098937, 0.995094),
        },
        {
            time = 45.033333,
            cframe = CFrame.new(-2.995635, -0.224601, -6.769956,
                0.852287, 0.419878, 0.311943,
                -0.369767, 0.905438, -0.208456,
                -0.369972, 0.062318, 0.926951),
        },
        {
            time = 45.066667,
            cframe = CFrame.new(-2.917481, 0.010195, -22.494226,
                0.999998, -0.001854, -0.000001,
                0.001854, 0.999998, 0.000534,
                0.000000, -0.000534, 1.000000),
        },
        {
            time = 45.833333,
            cframe = CFrame.new(-2.870941, -0.007749, -26.056318,
                1.000000, 0.000487, -0.000000,
                -0.000487, 1.000000, -0.000341,
                0.000000, 0.000341, 1.000000),
        },
        {
            time = 45.866667,
            cframe = CFrame.new(-2.837421, 0.450184, -8.026217,
                1.000000, 0.000125, 0.000013,
                -0.000126, 0.995059, 0.099289,
                0.000000, -0.099289, 0.995059),
        },
        {
            time = 46.700000,
            cframe = CFrame.new(-2.931284, 1.663467, -10.510593,
                1.000000, 0.000938, 0.000200,
                -0.000959, 0.977931, 0.208924,
                0.000000, -0.208924, 0.977932),
        },
        {
            time = 46.733333,
            cframe = CFrame.new(-2.769776, 0.002054, -5.733055,
                1.000000, 0.000919, 0.000001,
                -0.000919, 0.999999, 0.000849,
                0.000000, -0.000849, 1.000000),
        },
        {
            time = 49.033333,
            cframe = CFrame.new(-1.350122, 0.000044, -3.346832,
                1.000000, 0.000651, -0.000000,
                -0.000651, 1.000000, -0.000292,
                0.000000, 0.000292, 1.000000),
        },
        {
            time = 105.666667,
            cframe = CFrame.new(-5.637955, 1.465747, -6.621830,
                0.880628, -0.002738, -0.473800,
                0.119599, 0.968886, 0.216694,
                0.458465, -0.247493, 0.853556),
        },
        {
            time = 49.066667,
            cframe = CFrame.new(-1.218061, -0.007196, -22.311807,
                1.000000, 0.000728, -0.000000,
                -0.000728, 1.000000, -0.000376,
                0.000000, 0.000376, 1.000000),
        },
        {
            time = 49.700000,
            cframe = CFrame.new(-1.256141, 0.003963, -18.915746,
                1.000000, -0.000305, -0.000000,
                0.000305, 1.000000, 0.000253,
                0.000000, -0.000253, 1.000000),
        },
        {
            time = 49.733333,
            cframe = CFrame.new(-1.134034, 0.572557, -9.397734,
                1.000000, -0.000174, -0.000018,
                0.000175, 0.994976, 0.100116,
                0.000000, -0.100116, 0.994976),
        },
        {
            time = 51.633333,
            cframe = CFrame.new(-0.994430, 0.568307, -16.559660,
                0.999999, -0.001526, -0.000065,
                0.001528, 0.999086, 0.042723,
                0.000000, -0.042723, 0.999087),
        },
        {
            time = 51.666667,
            cframe = CFrame.new(-0.909294, 1.196242, -6.188223,
                0.999999, -0.001579, -0.000256,
                0.001600, 0.987103, 0.160080,
                0.000000, -0.160080, 0.987104),
        },
        {
            time = 53.500000,
            cframe = CFrame.new(-1.206685, 1.615173, -29.955303,
                1.000000, 0.000513, 0.000023,
                -0.000514, 0.999015, 0.044365,
                0.000000, -0.044365, 0.999015),
        },
        {
            time = 53.533333,
            cframe = CFrame.new(-1.095561, 0.001087, -9.483090,
                1.000000, 0.000736, 0.000000,
                -0.000736, 1.000000, 0.000180,
                0.000000, -0.000180, 1.000000),
        },
        {
            time = 57.500000,
            cframe = CFrame.new(-3.839159, -0.574689, -7.902139,
                0.880822, -0.211596, -0.423533,
                0.117776, 0.964378, -0.236861,
                0.458565, 0.158751, 0.874366),
        },
        {
            time = 56.266667,
            cframe = CFrame.new(-1.717696, -0.003113, -13.219704,
                1.000000, -0.000572, 0.000000,
                0.000572, 1.000000, -0.000304,
                0.000000, 0.000304, 1.000000),
        },
        {
            time = 57.533333,
            cframe = CFrame.new(-1.344059, 0.081827, -13.852771,
                0.938569, 0.345091, -0.000222,
                -0.345091, 0.938569, -0.000605,
                0.000000, 0.000644, 1.000000),
        },
        {
            time = 59.333333,
            cframe = CFrame.new(-0.800792, 0.419356, -16.416912,
                0.873585, -0.486672, 0.000428,
                0.486672, 0.873584, -0.000769,
                0.000000, 0.000880, 1.000000),
        },
        {
            time = 59.366667,
            cframe = CFrame.new(-1.761533, -0.125536, -4.325396,
                0.999997, -0.002323, 0.000235,
                0.002335, 0.994923, -0.100611,
                0.000000, 0.100611, 0.994926),
        },
        {
            time = 59.933333,
            cframe = CFrame.new(-1.759257, -0.124739, -4.326192,
                0.999999, 0.001126, -0.000113,
                -0.001131, 0.995035, -0.099515,
                0.000000, 0.099515, 0.995036),
        },
        {
            time = 59.966667,
            cframe = CFrame.new(-1.378695, 0.006375, -9.791650,
                0.987422, -0.158108, -0.000042,
                0.158108, 0.987422, 0.000260,
                0.000000, -0.000263, 1.000000),
        },
        {
            time = 61.200000,
            cframe = CFrame.new(-2.166272, 0.296251, -8.783884,
                0.982132, 0.187894, 0.010640,
                -0.188195, 0.980561, 0.055527,
                0.000000, -0.056537, 0.998401),
        },
        {
            time = 61.233333,
            cframe = CFrame.new(-1.714155, -2.259533, -24.085628,
                1.000000, 0.000090, -0.000011,
                -0.000091, 0.992809, -0.119706,
                0.000000, 0.119706, 0.992809),
        },
        {
            time = 62.800000,
            cframe = CFrame.new(-2.138214, -1.290983, -14.587479,
                1.000000, 0.000823, -0.000100,
                -0.000829, 0.992766, -0.120062,
                0.000000, 0.120062, 0.992766),
        },
        {
            time = 62.833333,
            cframe = CFrame.new(-2.195258, -0.003617, -11.854382,
                1.000000, 0.000553, -0.000000,
                -0.000553, 1.000000, -0.000422,
                0.000000, 0.000422, 1.000000),
        },
        {
            time = 64.300000,
            cframe = CFrame.new(-1.771931, -0.004733, -13.128968,
                1.000000, 0.000288, -0.000000,
                -0.000288, 1.000000, -0.000480,
                0.000000, 0.000480, 1.000000),
        },
        {
            time = 106.866667,
            cframe = CFrame.new(-5.824372, -0.569931, -7.905695,
                0.880704, -0.212338, -0.423407,
                0.118893, 0.964372, -0.236330,
                0.458504, 0.157797, 0.874571),
        },
        {
            time = 64.333333,
            cframe = CFrame.new(-1.821907, -0.690411, -16.898217,
                1.000000, 0.000295, -0.000018,
                -0.000296, 0.998173, -0.060421,
                0.000000, 0.060421, 0.998173),
        },
        {
            time = 66.866667,
            cframe = CFrame.new(-0.982765, 0.119322, -27.939317,
                0.987707, -0.156318, 0.000183,
                0.156318, 0.987706, -0.001153,
                0.000000, 0.001168, 0.999999),
        },
        {
            time = 66.900000,
            cframe = CFrame.new(-0.769594, 0.082379, -9.627009,
                0.999196, 0.040079, -0.000391,
                -0.040081, 0.999149, -0.009754,
                0.000000, 0.009762, 0.999952),
        },
        {
            time = 69.633333,
            cframe = CFrame.new(-1.346307, 0.002050, -15.654857,
                0.992364, -0.123337, 0.001197,
                0.123342, 0.992317, -0.009633,
                0.000000, 0.009707, 0.999953),
        },
        {
            time = 69.666667,
            cframe = CFrame.new(-1.533957, 0.541533, -7.185781,
                0.945190, 0.325665, -0.023642,
                -0.324323, 0.944749, 0.047572,
                0.037828, -0.037297, 0.998588),
        },
        {
            time = 73.466667,
            cframe = CFrame.new(-2.542769, 0.020640, -17.015954,
                0.895347, -0.445135, 0.014424,
                0.445368, 0.894894, -0.028486,
                -0.000228, 0.031929, 0.999490),
        },
        {
            time = 71.433333,
            cframe = CFrame.new(-0.255637, -0.482192, -14.075973,
                0.801445, 0.596889, -0.037540,
                -0.598067, 0.799989, -0.048308,
                0.001197, 0.061168, 0.998127),
        },
        {
            time = 73.500000,
            cframe = CFrame.new(-4.970012, 0.004099, -14.480097,
                1.000000, 0.000177, 0.000000,
                -0.000177, 1.000000, 0.000365,
                0.000000, -0.000365, 1.000000),
        },
        {
            time = 74.900000,
            cframe = CFrame.new(-5.022070, 0.010157, -9.498710,
                0.999999, -0.001245, -0.000002,
                0.001245, 0.999998, 0.001660,
                0.000000, -0.001660, 0.999999),
        },
        {
            time = 74.933333,
            cframe = CFrame.new(-4.959694, 0.026111, -18.726124,
                0.999999, -0.001363, -0.000002,
                0.001363, 0.999998, 0.001722,
                0.000000, -0.001722, 0.999999),
        },
        {
            time = 76.966667,
            cframe = CFrame.new(-4.900813, 0.002175, -15.410892,
                1.000000, 0.000316, 0.000000,
                -0.000316, 1.000000, 0.000179,
                0.000000, -0.000179, 1.000000),
        },
        {
            time = 76.266667,
            cframe = CFrame.new(-4.980596, -0.000171, -13.818690,
                1.000000, -0.000221, 0.000000,
                0.000221, 1.000000, -0.000017,
                0.000000, 0.000017, 1.000000),
        },
        {
            time = 77.000000,
            cframe = CFrame.new(-4.785060, 0.000523, -6.765522,
                1.000000, -0.000018, -0.000000,
                0.000018, 1.000000, 0.000158,
                0.000000, -0.000158, 1.000000),
        },
        {
            time = 78.866667,
            cframe = CFrame.new(-6.384450, 0.346498, -6.742850,
                0.681952, 0.731397, -0.000033,
                -0.731397, 0.681952, -0.000031,
                0.000000, 0.000046, 1.000000),
        },
        {
            time = 78.900000,
            cframe = CFrame.new(-6.048074, 0.249653, -9.345010,
                1.000000, 0.000315, 0.000013,
                -0.000315, 0.999201, 0.039955,
                0.000000, -0.039955, 0.999201),
        },
        {
            time = 80.233333,
            cframe = CFrame.new(-5.897657, 0.044720, -16.761060,
                0.999999, -0.001245, -0.000004,
                0.001245, 0.999995, 0.002874,
                0.000000, -0.002874, 0.999996),
        },
        {
            time = 80.266667,
            cframe = CFrame.new(-5.816117, 0.013655, -11.955837,
                0.905196, 0.424993, 0.000488,
                -0.424994, 0.905196, 0.001038,
                0.000000, -0.001147, 0.999999),
        },
        {
            time = 81.633333,
            cframe = CFrame.new(-6.078889, -0.002155, -9.236210,
                0.999758, 0.021980, -0.000008,
                -0.021980, 0.999758, -0.000352,
                0.000000, 0.000352, 1.000000),
        },
        {
            time = 81.666667,
            cframe = CFrame.new(-6.137034, -0.472224, -25.762504,
                1.000000, 0.000044, -0.000001,
                -0.000044, 0.999793, -0.020369,
                0.000000, 0.020369, 0.999793),
        },
        {
            time = 85.000000,
            cframe = CFrame.new(-5.094899, 0.395980, -24.803139,
                1.000000, -0.000020, -0.000000,
                0.000020, 0.999810, 0.019503,
                0.000000, -0.019503, 0.999810),
        },
        {
            time = 83.100000,
            cframe = CFrame.new(-6.358072, -0.009151, -13.474717,
                1.000000, -0.000678, -0.000001,
                0.000678, 0.999999, 0.001307,
                0.000000, -0.001307, 0.999999),
        },
        {
            time = 85.033333,
            cframe = CFrame.new(-5.060010, -0.373380, -24.349725,
                1.000000, -0.000001, 0.000000,
                0.000001, 0.999800, -0.019991,
                0.000000, 0.019991, 0.999800),
        },
        {
            time = 87.700000,
            cframe = CFrame.new(-5.099102, -4.904110, -26.413046,
                1.000000, 0.000179, -0.000039,
                -0.000183, 0.976687, -0.214670,
                0.000000, 0.214670, 0.976687),
        },
        {
            time = 87.733333,
            cframe = CFrame.new(-5.103419, 0.000734, -7.722733,
                1.000000, 0.000126, 0.000000,
                -0.000126, 1.000000, 0.000159,
                0.000000, -0.000159, 1.000000),
        },
        {
            time = 89.433333,
            cframe = CFrame.new(-5.239228, -0.020644, -13.980785,
                1.000000, -0.000727, 0.000001,
                0.000727, 0.999998, -0.001791,
                0.000000, 0.001791, 0.999998),
        },
        {
            time = 89.466667,
            cframe = CFrame.new(-5.011796, -1.353567, -24.399263,
                1.000000, -0.000817, 0.000051,
                0.000819, 0.998074, -0.062021,
                0.000000, 0.062021, 0.998075),
        },
        {
            time = 91.266667,
            cframe = CFrame.new(-5.113586, 0.265970, -18.838763,
                1.000000, -0.000120, -0.000002,
                0.000120, 0.999832, 0.018331,
                0.000000, -0.018331, 0.999832),
        },
        {
            time = 91.300000,
            cframe = CFrame.new(-4.983495, 0.098175, -9.813278,
                1.000000, -0.000083, -0.000002,
                0.000083, 0.999791, 0.020463,
                0.000000, -0.020463, 0.999791),
        },
        {
            time = 93.333333,
            cframe = CFrame.new(-5.200935, -3.306807, -13.125303,
                1.000000, -0.000451, 0.000134,
                0.000471, 0.958500, -0.285094,
                0.000000, 0.285094, 0.958500),
        },
        {
            time = 93.366667,
            cframe = CFrame.new(-5.194509, 0.192802, -6.701787,
                1.000000, -0.000543, -0.000000,
                0.000543, 1.000000, 0.000688,
                0.000000, -0.000688, 1.000000),
        },
        {
            time = 95.700000,
            cframe = CFrame.new(-5.472879, -1.677281, -5.846929,
                1.000000, -0.000114, 0.000039,
                0.000121, 0.946573, -0.322490,
                0.000000, 0.322490, 0.946573),
        },
        {
            time = 94.466667,
            cframe = CFrame.new(-5.185221, -0.787101, -10.066569,
                1.000000, -0.000262, 0.000025,
                0.000263, 0.995631, -0.093375,
                0.000000, 0.093375, 0.995631),
        },
        {
            time = 95.733333,
            cframe = CFrame.new(-5.377482, -1.013614, -10.775988,
                0.952371, 0.302362, -0.039579,
                -0.304942, 0.944315, -0.123609,
                0.000000, 0.129791, 0.991541),
        },
        {
            time = 96.833333,
            cframe = CFrame.new(-4.991569, -1.533973, -16.730808,
                0.999565, 0.029283, -0.003546,
                -0.029497, 0.992317, -0.120154,
                0.000000, 0.120206, 0.992749),
        },
        {
            time = 96.866667,
            cframe = CFrame.new(-3.790776, 2.905657, -18.400350,
                0.852346, 0.514521, 0.093670,
                -0.522978, 0.838563, 0.152663,
                0.000000, -0.179110, 0.983829),
        },
        {
            time = 98.833333,
            cframe = CFrame.new(-3.782530, 1.221264, -22.439524,
                0.926024, -0.376914, -0.020378,
                0.377465, 0.924673, 0.049993,
                0.000000, -0.053987, 0.998542),
        },
        {
            time = 98.866667,
            cframe = CFrame.new(-3.281629, 0.186821, -28.387814,
                1.000000, 0.000752, -0.000000,
                -0.000752, 1.000000, -0.000115,
                0.000000, 0.000115, 1.000000),
        },
        {
            time = 100.500000,
            cframe = CFrame.new(-3.324816, 0.179780, -19.242619,
                0.999999, 0.001118, -0.000001,
                -0.001118, 0.999999, -0.000632,
                0.000000, 0.000632, 1.000000),
        },
        {
            time = 100.533333,
            cframe = CFrame.new(-2.808305, -3.628645, -13.947683,
                0.939045, 0.325195, -0.111547,
                -0.343794, 0.888242, -0.304682,
                0.000000, 0.324459, 0.945900),
        },
        {
            time = 102.633333,
            cframe = CFrame.new(-3.303813, -1.169774, -10.548506,
                0.961250, -0.273161, 0.037174,
                0.275679, 0.952470, -0.129621,
                0.000000, 0.134847, 0.990866),
        },
        {
            time = 102.666667,
            cframe = CFrame.new(-3.208417, 0.004650, -9.486652,
                1.000000, 0.000594, 0.000000,
                -0.000594, 1.000000, 0.000772,
                0.000000, -0.000772, 1.000000),
        },
        {
            time = 105.633333,
            cframe = CFrame.new(-3.691009, 0.000368, -13.207442,
                1.000000, 0.000105, 0.000000,
                -0.000105, 1.000000, 0.000036,
                0.000000, -0.000036, 1.000000),
        },
        {
            time = 106.900000,
            cframe = CFrame.new(-3.342667, 0.092756, -13.856877,
                0.939178, 0.343432, -0.000096,
                -0.343432, 0.939177, -0.000261,
                0.000000, 0.000278, 1.000000),
        },
        {
            time = 109.033333,
            cframe = CFrame.new(-2.739216, 0.461753, -16.447886,
                0.873237, -0.487296, -0.000248,
                0.487296, 0.873237, 0.000444,
                0.000000, -0.000509, 1.000000),
        },
        {
            time = 115.200000,
            cframe = CFrame.new(-2.091253, 2.803067, -17.608037,
                0.999937, -0.010505, -0.004033,
                0.011069, 0.982751, 0.184603,
                0.002025, -0.184636, 0.982805),
        },
        {
            time = 146.333333,
            cframe = CFrame.new(-1.788497, -0.001809, -11.709862,
                1.000000, 0.000892, -0.000000,
                -0.000892, 1.000000, -0.000227,
                0.000000, 0.000227, 1.000000),
        },
        {
            time = 109.066667,
            cframe = CFrame.new(-3.359196, 0.006884, -9.792240,
                0.987409, -0.158188, -0.000056,
                0.158188, 0.987409, 0.000353,
                0.000000, -0.000357, 1.000000),
        },
        {
            time = 110.566667,
            cframe = CFrame.new(-3.834678, 0.309137, -8.957723,
                0.981908, 0.189035, 0.011081,
                -0.189360, 0.980225, 0.057457,
                0.000000, -0.058516, 0.998286),
        },
        {
            time = 110.600000,
            cframe = CFrame.new(-3.436211, -2.228762, -24.116484,
                0.999996, -0.002894, 0.000345,
                0.002914, 0.992967, -0.118358,
                0.000000, 0.118359, 0.992971),
        },
        {
            time = 112.200000,
            cframe = CFrame.new(-3.631467, -1.286878, -14.459259,
                0.999999, 0.001056, -0.000128,
                -0.001063, 0.992688, -0.120701,
                0.000000, 0.120701, 0.992689),
        },
        {
            time = 174.166667,
            cframe = CFrame.new(0.135944, -0.722902, -10.486241,
                0.999997, -0.002487, 0.000251,
                0.002500, 0.994948, -0.100364,
                0.000000, 0.100365, 0.994951),
        },
        {
            time = 0.033333,
            cframe = CFrame.new(-0.209540, -7.938584, -24.946638,
                1.000000, 0.000453, -0.000180,
                -0.000487, 0.929032, -0.369999,
                0.000000, 0.369999, 0.929032),
        },
        {
            time = 112.233333,
            cframe = CFrame.new(-2.645580, 1.861349, -9.361622,
                0.968616, 0.207591, 0.136707,
                -0.228774, 0.959604, 0.163778,
                -0.097186, -0.189913, 0.976979),
        },
        {
            time = 116.800000,
            cframe = CFrame.new(-2.123869, -0.190280, -9.316952,
                0.653827, 0.756547, 0.012160,
                -0.756644, 0.653742, 0.010508,
                0.000000, -0.016071, 0.999871),
        },
        {
            time = 114.500000,
            cframe = CFrame.new(-2.073541, 3.185795, -21.348820,
                0.921112, -0.384589, -0.060371,
                0.389294, 0.909187, 0.147748,
                -0.001934, -0.159595, 0.987181),
        },
        {
            time = 116.833333,
            cframe = CFrame.new(-1.573347, -0.562548, -8.384816,
                1.000000, -0.000574, 0.000005,
                0.000574, 0.999956, -0.009348,
                0.000000, 0.009348, 0.999956),
        },
        {
            time = 118.600000,
            cframe = CFrame.new(-1.614639, 2.367906, -10.480565,
                1.000000, 0.000449, 0.000124,
                -0.000466, 0.963698, 0.266994,
                0.000000, -0.266994, 0.963698),
        },
        {
            time = 118.633333,
            cframe = CFrame.new(-2.807579, -0.909493, -17.632551,
                0.985493, 0.169423, -0.010005,
                -0.169718, 0.983779, -0.058093,
                0.000000, 0.058948, 0.998261),
        },
        {
            time = 120.333333,
            cframe = CFrame.new(-2.855169, -1.013138, -19.209038,
                0.962916, -0.269325, 0.016026,
                0.269802, 0.961216, -0.057198,
                0.000000, 0.059401, 0.998234),
        },
        {
            time = 120.366667,
            cframe = CFrame.new(-1.574099, -0.080040, -10.806095,
                1.000000, -0.000898, 0.000017,
                0.000898, 0.999814, -0.019253,
                0.000000, 0.019253, 0.999815),
        },
        {
            time = 122.866667,
            cframe = CFrame.new(-1.732951, -0.450766, -9.436249,
                0.999996, 0.002655, -0.000178,
                -0.002661, 0.997751, -0.066982,
                0.000000, 0.066982, 0.997754),
        },
        {
            time = 121.833333,
            cframe = CFrame.new(-1.678864, -0.361137, -11.478786,
                0.999201, 0.039968, -0.000901,
                -0.039978, 0.998947, -0.022515,
                0.000000, 0.022533, 0.999746),
        },
        {
            time = 122.900000,
            cframe = CFrame.new(-0.660448, 0.657701, -15.190836,
                0.971205, -0.238247, 0.000003,
                0.238247, 0.971205, -0.000013,
                0.000000, 0.000013, 1.000000),
        },
        {
            time = 124.833333,
            cframe = CFrame.new(0.677683, 3.204699, -6.857363,
                0.726695, 0.350674, 0.590713,
                -0.531192, 0.832103, 0.159497,
                -0.435602, -0.429688, 0.790961),
        },
        {
            time = 124.800000,
            cframe = CFrame.new(-0.401276, 2.515029, -16.502639,
                0.975187, 0.219382, 0.029709,
                -0.221384, 0.966366, 0.130865,
                0.000000, -0.134195, 0.990955),
        },
        {
            time = 126.100000,
            cframe = CFrame.new(1.250840, 2.328975, -7.168640,
                0.814557, 0.087241, 0.573485,
                -0.231611, 0.955317, 0.183646,
                -0.531839, -0.282416, 0.798366),
        },
        {
            time = 126.133333,
            cframe = CFrame.new(-0.563902, 1.850016, -26.995416,
                0.819896, -0.570684, -0.045706,
                0.572512, 0.817279, 0.065456,
                0.000000, -0.079835, 0.996808),
        },
        {
            time = 127.900000,
            cframe = CFrame.new(0.254554, 0.802311, -17.432349,
                0.855328, 0.516435, 0.041334,
                -0.518087, 0.852602, 0.068240,
                0.000000, -0.079782, 0.996812),
        },
        {
            time = 127.933333,
            cframe = CFrame.new(0.436051, -0.001856, -13.297142,
                1.000000, -0.000399, 0.000000,
                0.000399, 1.000000, -0.000188,
                0.000000, 0.000188, 1.000000),
        },
        {
            time = 129.200000,
            cframe = CFrame.new(0.722955, 0.010054, -11.946140,
                0.999797, 0.020164, 0.000024,
                -0.020164, 0.999796, 0.001184,
                0.000000, -0.001184, 0.999999),
        },
        {
            time = 129.233333,
            cframe = CFrame.new(0.161906, -0.331391, -12.148856,
                1.000000, 0.000921, -0.000036,
                -0.000922, 0.999251, -0.038675,
                0.000000, 0.038675, 0.999252),
        },
        {
            time = 131.066667,
            cframe = CFrame.new(0.157355, 1.573135, -19.113680,
                1.000000, 0.000207, 0.000020,
                -0.000208, 0.995495, 0.094813,
                0.000000, -0.094813, 0.995495),
        },
        {
